0
3
5
6
7
9
33
55
66
77
99
111
141
161
171
222
252
282
303
333
343
363
393
414
434
444
474
505
515
525
535
545
555
565
575
585
595
606
616
636
666
686
696
707
717
747
777
828
858
868
888
909
939
959
969
999
1001
1011
1041
1071
1101
1131
1141
1161
1191
1211
1221
1251
1281
1311
1341
1351
1371
1401
1421
1431
1461
1491
1521
1551
1561
1581
1611
1631
1641
1671
1701
1731
1761
1771
1791
1821
1841
1851
1881
1911
1941
1971
1981
2002
2022
2052
2072
2082
2112
2142
2172
2202
2212
2232
2262
2282
2292
2322
2352
2382
2412
2422
2442
2472
2492
2502
2532
2562
2592
2622
2632
2652
2682
2702
2712
2742
2772
2802
2832
2842
2862
2892
2912
2922
2952
2982
3003
3033
3063
3073
3093
3123
3143
3153
3183
3213
3243
3273
3283
3303
3333
3353
3363
3393
3423
3453
3483
3493
3513
3543
3563
3573
3603
3633
3663
3693
3703
3723
3753
3773
3783
3813
3843
3873
3903
3913
3933
3963
3983
3993
4004
4014
4044
4074
4104
4134
4144
4164
4194
4214
4224
4254
4284
4314
4344
4354
4374
4404
4424
4434
4464
4494
4524
4554
4564
4584
4614
4634
4644
4674
4704
4734
4764
4774
4794
4824
4844
4854
4884
4914
4944
4974
4984
5005
5015
5025
5035
5045
5055
5065
5075
5085
5095
5105
5115
5125
5135
5145
5155
5165
5175
5185
5195
5205
5215
5225
5235
5245
5255
5265
5275
5285
5295
5305
5315
5325
5335
5345
5355
5365
5375
5385
5395
5405
5415
5425
5435
5445
5455
5465
5475
5485
5495
5505
5515
5525
5535
5545
5555
5565
5575
5585
5595
5605
5615
5625
5635
5645
5655
5665
5675
5685
5695
5705
5715
5725
5735
5745
5755
5765
5775
5785
5795
5805
5815
5825
5835
5845
5855
5865
5875
5885
5895
5905
5915
5925
5935
5945
5955
5965
5975
5985
5995
6006
6036
6066
6076
6096
6126
6146
6156
6186
6216
6246
6276
6286
6306
6336
6356
6366
6396
6426
6456
6486
6496
6516
6546
6566
6576
6606
6636
6666
6696
6706
6726
6756
6776
6786
6816
6846
6876
6906
6916
6936
6966
6986
6996
7007
7017
7047
7077
7107
7137
7147
7167
7197
7217
7227
7257
7287
7317
7347
7357
7377
7407
7427
7437
7467
7497
7527
7557
7567
7587
7617
7637
7647
7677
7707
7737
7767
7777
7797
7827
7847
7857
7887
7917
7947
7977
7987
8008
8028
8058
8078
8088
8118
8148
8178
8208
8218
8238
8268
8288
8298
8328
8358
8388
8418
8428
8448
8478
8498
8508
8538
8568
8598
8628
8638
8658
8688
8708
8718
8748
8778
8808
8838
8848
8868
8898
8918
8928
8958
8988
9009
9039
9069
9079
9099
9129
9149
9159
9189
9219
9249
9279
9289
9309
9339
9359
9369
9399
9429
9459
9489
9499
9519
9549
9569
9579
9609
9639
9669
9699
9709
9729
9759
9779
9789
9819
9849
9879
9909
9919
9939
9969
9989
9999
10011
10031
10041
10071
10101
10131
10161
10171
10191
10221
10241
10251
10281
10311
10341
10371
10381
10401
10431
10451
10461
10491
10521
10551
10581
10591
10611
10641
10661
10671
10701
10731
10761
10791
10801
10821
10851
10871
10881
10911
10941
10971
11001
11011
11031
11061
11081
11091
11121
11151
11181
11211
11221
11241
11271
11291
11301
11331
11361
11391
11421
11431
11451
11481
11501
11511
11541
11571
11601
11631
11641
11661
11691
11711
11721
11751
11781
11811
11841
11851
11871
11901
11921
11931
11961
11991
12021
12051
12061
12081
12111
12131
12141
12171
12201
12231
12261
12271
12291
12321
12341
12351
12381
12411
12441
12471
12481
12501
12531
12551
12561
12591
12621
12651
12681
12691
12711
12741
12761
12771
12801
12831
12861
12891
12901
12921
12951
12971
12981
13011
13041
13071
13101
13111
13131
13161
13181
13191
13221
13251
13281
13311
13321
13341
13371
13391
13401
13431
13461
13491
13521
13531
13551
13581
13601
13611
13641
13671
13701
13731
13741
13761
13791
13811
13821
13851
13881
13911
13941
13951
13971
14001
14021
14031
14061
14091
14121
14151
14161
14181
14211
14231
14241
14271
14301
14331
14361
14371
14391
14421
14441
14451
14481
14511
14541
14571
14581
14601
14631
14651
14661
14691
14721
14751
14781
14791
14811
14841
14861
14871
14901
14931
14961
14991
15001
15021
15051
15071
15081
15111
15141
15171
15201
15211
15231
15261
15281
15291
15321
15351
15381
15411
15421
15441
15471
15491
15501
15531
15561
15591
15621
15631
15651
15681
15701
15711
15741
15771
15801
15831
15841
15861
15891
15911
15921
15951
15981
16011
16041
16051
16071
16101
16121
16131
16161
16191
16221
16251
16261
16281
16311
16331
16341
16371
16401
16431
16461
16471
16491
16521
16541
16551
16581
16611
16641
16671
16681
16701
16731
16751
16761
16791
16821
16851
16881
16891
16911
16941
16961
16971
17001
17031
17061
17091
17101
17121
17151
17171
17181
17211
17241
17271
17301
17311
17331
17361
17381
17391
17421
17451
17481
17511
17521
17541
17571
17591
17601
17631
17661
17691
17721
17731
17751
17781
17801
17811
17841
17871
17901
17931
17941
17961
17991
18011
18021
18051
18081
18111
18141
18151
18171
18201
18221
18231
18261
18291
18321
18351
18361
18381
18411
18431
18441
18471
18501
18531
18561
18571
18591
18621
18641
18651
18681
18711
18741
18771
18781
18801
18831
18851
18861
18891
18921
18951
18981
18991
19011
19041
19061
19071
19101
19131
19161
19191
19201
19221
19251
19271
19281
19311
19341
19371
19401
19411
19431
19461
19481
19491
19521
19551
19581
19611
19621
19641
19671
19691
19701
19731
19761
19791
19821
19831
19851
19881
19901
19911
19941
19971
20022
20052
20062
20082
20112
20132
20142
20172
20202
20232
20262
20272
20292
20322
20342
20352
20382
20412
20442
20472
20482
20502
20532
20552
20562
20592
20622
20652
20682
20692
20712
20742
20762
20772
20802
20832
20862
20892
20902
20922
20952
20972
20982
21012
21042
21072
21102
21112
21132
21162
21182
21192
21222
21252
21282
21312
21322
21342
21372
21392
21402
21432
21462
21492
21522
21532
21552
21582
21602
21612
21642
21672
21702
21732
21742
21762
21792
21812
21822
21852
21882
21912
21942
21952
21972
22002
22022
22032
22062
22092
22122
22152
22162
22182
22212
22232
22242
22272
22302
22332
22362
22372
22392
22422
22442
22452
22482
22512
22542
22572
22582
22602
22632
22652
22662
22692
22722
22752
22782
22792
22812
22842
22862
22872
22902
22932
22962
22992
23002
23022
23052
23072
23082
23112
23142
23172
23202
23212
23232
23262
23282
23292
23322
23352
23382
23412
23422
23442
23472
23492
23502
23532
23562
23592
23622
23632
23652
23682
23702
23712
23742
23772
23802
23832
23842
23862
23892
23912
23922
23952
23982
24012
24042
24052
24072
24102
24122
24132
24162
24192
24222
24252
24262
24282
24312
24332
24342
24372
24402
24432
24462
24472
24492
24522
24542
24552
24582
24612
24642
24672
24682
24702
24732
24752
24762
24792
24822
24852
24882
24892
24912
24942
24962
24972
25002
25032
25062
25092
25102
25122
25152
25172
25182
25212
25242
25272
25302
25312
25332
25362
25382
25392
25422
25452
25482
25512
25522
25542
25572
25592
25602
25632
25662
25692
25722
25732
25752
25782
25802
25812
25842
25872
25902
25932
25942
25962
25992
26012
26022
26052
26082
26112
26142
26152
26172
26202
26222
26232
26262
26292
26322
26352
26362
26382
26412
26432
26442
26472
26502
26532
26562
26572
26592
26622
26642
26652
26682
26712
26742
26772
26782
26802
26832
26852
26862
26892
26922
26952
26982
26992
27012
27042
27062
27072
27102
27132
27162
27192
27202
27222
27252
27272
27282
27312
27342
27372
27402
27412
27432
27462
27482
27492
27522
27552
27582
27612
27622
27642
27672
27692
27702
27732
27762
27792
27822
27832
27852
27882
27902
27912
27942
27972
28002
28032
28042
28062
28092
28112
28122
28152
28182
28212
28242
28252
28272
28302
28322
28332
28362
28392
28422
28452
28462
28482
28512
28532
28542
28572
28602
28632
28662
28672
28692
28722
28742
28752
28782
28812
28842
28872
28882
28902
28932
28952
28962
28992
29022
29052
29082
29092
29112
29142
29162
29172
29202
29232
29262
29292
29302
29322
29352
29372
29382
29412
29442
29472
29502
29512
29532
29562
29582
29592
29622
29652
29682
29712
29722
29742
29772
29792
29802
29832
29862
29892
29922
29932
29952
29982
30003
30023
30033
30063
30093
30123
30153
30163
30183
30213
30233
30243
30273
30303
30333
30363
30373
30393
30423
30443
30453
30483
30513
30543
30573
30583
30603
30633
30653
30663
30693
30723
30753
30783
30793
30813
30843
30863
30873
30903
30933
30963
30993
31003
31023
31053
31073
31083
31113
31143
31173
31203
31213
31233
31263
31283
31293
31323
31353
31383
31413
31423
31443
31473
31493
31503
31533
31563
31593
31623
31633
31653
31683
31703
31713
31743
31773
31803
31833
31843
31863
31893
31913
31923
31953
31983
32013
32043
32053
32073
32103
32123
32133
32163
32193
32223
32253
32263
32283
32313
32333
32343
32373
32403
32433
32463
32473
32493
32523
32543
32553
32583
32613
32643
32673
32683
32703
32733
32753
32763
32793
32823
32853
32883
32893
32913
32943
32963
32973
33003
33033
33063
33093
33103
33123
33153
33173
33183
33213
33243
33273
33303
33313
33333
33363
33383
33393
33423
33453
33483
33513
33523
33543
33573
33593
33603
33633
33663
33693
33723
33733
33753
33783
33803
33813
33843
33873
33903
33933
33943
33963
33993
34013
34023
34053
34083
34113
34143
34153
34173
34203
34223
34233
34263
34293
34323
34353
34363
34383
34413
34433
34443
34473
34503
34533
34563
34573
34593
34623
34643
34653
34683
34713
34743
34773
34783
34803
34833
34853
34863
34893
34923
34953
34983
34993
35013
35043
35063
35073
35103
35133
35163
35193
35203
35223
35253
35273
35283
35313
35343
35373
35403
35413
35433
35463
35483
35493
35523
35553
35583
35613
35623
35643
35673
35693
35703
35733
35763
35793
35823
35833
35853
35883
35903
35913
35943
35973
36003
36033
36043
36063
36093
36113
36123
36153
36183
36213
36243
36253
36273
36303
36323
36333
36363
36393
36423
36453
36463
36483
36513
36533
36543
36573
36603
36633
36663
36673
36693
36723
36743
36753
36783
36813
36843
36873
36883
36903
36933
36953
36963
36993
37023
37053
37083
37093
37113
37143
37163
37173
37203
37233
37263
37293
37303
37323
37353
37373
37383
37413
37443
37473
37503
37513
37533
37563
37583
37593
37623
37653
37683
37713
37723
37743
37773
37793
37803
37833
37863
37893
37923
37933
37953
37983
38003
38013
38043
38073
38103
38133
38143
38163
38193
38213
38223
38253
38283
38313
38343
38353
38373
38403
38423
38433
38463
38493
38523
38553
38563
38583
38613
38633
38643
38673
38703
38733
38763
38773
38793
38823
38843
38853
38883
38913
38943
38973
38983
39003
39033
39053
39063
39093
39123
39153
39183
39193
39213
39243
39263
39273
39303
39333
39363
39393
39403
39423
39453
39473
39483
39513
39543
39573
39603
39613
39633
39663
39683
39693
39723
39753
39783
39813
39823
39843
39873
39893
39903
39933
39963
39993
40014
40044
40054
40074
40104
40124
40134
40164
40194
40224
40254
40264
40284
40314
40334
40344
40374
40404
40434
40464
40474
40494
40524
40544
40554
40584
40614
40644
40674
40684
40704
40734
40754
40764
40794
40824
40854
40884
40894
40914
40944
40964
40974
41004
41034
41064
41094
41104
41124
41154
41174
41184
41214
41244
41274
41304
41314
41334
41364
41384
41394
41424
41454
41484
41514
41524
41544
41574
41594
41604
41634
41664
41694
41724
41734
41754
41784
41804
41814
41844
41874
41904
41934
41944
41964
41994
42014
42024
42054
42084
42114
42144
42154
42174
42204
42224
42234
42264
42294
42324
42354
42364
42384
42414
42434
42444
42474
42504
42534
42564
42574
42594
42624
42644
42654
42684
42714
42744
42774
42784
42804
42834
42854
42864
42894
42924
42954
42984
42994
43014
43044
43064
43074
43104
43134
43164
43194
43204
43224
43254
43274
43284
43314
43344
43374
43404
43414
43434
43464
43484
43494
43524
43554
43584
43614
43624
43644
43674
43694
43704
43734
43764
43794
43824
43834
43854
43884
43904
43914
43944
43974
44004
44034
44044
44064
44094
44114
44124
44154
44184
44214
44244
44254
44274
44304
44324
44334
44364
44394
44424
44454
44464
44484
44514
44534
44544
44574
44604
44634
44664
44674
44694
44724
44744
44754
44784
44814
44844
44874
44884
44904
44934
44954
44964
44994
45024
45054
45084
45094
45114
45144
45164
45174
45204
45234
45264
45294
45304
45324
45354
45374
45384
45414
45444
45474
45504
45514
45534
45564
45584
45594
45624
45654
45684
45714
45724
45744
45774
45794
45804
45834
45864
45894
45924
45934
45954
45984
46004
46014
46044
46074
46104
46134
46144
46164
46194
46214
46224
46254
46284
46314
46344
46354
46374
46404
46424
46434
46464
46494
46524
46554
46564
46584
46614
46634
46644
46674
46704
46734
46764
46774
46794
46824
46844
46854
46884
46914
46944
46974
46984
47004
47034
47054
47064
47094
47124
47154
47184
47194
47214
47244
47264
47274
47304
47334
47364
47394
47404
47424
47454
47474
47484
47514
47544
47574
47604
47614
47634
47664
47684
47694
47724
47754
47784
47814
47824
47844
47874
47894
47904
47934
47964
47994
48024
48034
48054
48084
48104
48114
48144
48174
48204
48234
48244
48264
48294
48314
48324
48354
48384
48414
48444
48454
48474
48504
48524
48534
48564
48594
48624
48654
48664
48684
48714
48734
48744
48774
48804
48834
48864
48874
48894
48924
48944
48954
48984
49014
49044
49074
49084
49104
49134
49154
49164
49194
49224
49254
49284
49294
49314
49344
49364
49374
49404
49434
49464
49494
49504
49524
49554
49574
49584
49614
49644
49674
49704
49714
49734
49764
49784
49794
49824
49854
49884
49914
49924
49944
49974
49994
50005
50015
50025
50035
50045
50055
50065
50075
50085
50095
50105
50115
50125
50135
50145
50155
50165
50175
50185
50195
50205
50215
50225
50235
50245
50255
50265
50275
50285
50295
50305
50315
50325
50335
50345
50355
50365
50375
50385
50395
50405
50415
50425
50435
50445
50455
50465
50475
50485
50495
50505
50515
50525
50535
50545
50555
50565
50575
50585
50595
50605
50615
50625
50635
50645
50655
50665
50675
50685
50695
50705
50715
50725
50735
50745
50755
50765
50775
50785
50795
50805
50815
50825
50835
50845
50855
50865
50875
50885
50895
50905
50915
50925
50935
50945
50955
50965
50975
50985
50995
51005
51015
51025
51035
51045
51055
51065
51075
51085
51095
51105
51115
51125
51135
51145
51155
51165
51175
51185
51195
51205
51215
51225
51235
51245
51255
51265
51275
51285
51295
51305
51315
51325
51335
51345
51355
51365
51375
51385
51395
51405
51415
51425
51435
51445
51455
51465
51475
51485
51495
51505
51515
51525
51535
51545
51555
51565
51575
51585
51595
51605
51615
51625
51635
51645
51655
51665
51675
51685
51695
51705
51715
51725
51735
51745
51755
51765
51775
51785
51795
51805
51815
51825
51835
51845
51855
51865
51875
51885
51895
51905
51915
51925
51935
51945
51955
51965
51975
51985
51995
52005
52015
52025
52035
52045
52055
52065
52075
52085
52095
52105
52115
52125
52135
52145
52155
52165
52175
52185
52195
52205
52215
52225
52235
52245
52255
52265
52275
52285
52295
52305
52315
52325
52335
52345
52355
52365
52375
52385
52395
52405
52415
52425
52435
52445
52455
52465
52475
52485
52495
52505
52515
52525
52535
52545
52555
52565
52575
52585
52595
52605
52615
52625
52635
52645
52655
52665
52675
52685
52695
52705
52715
52725
52735
52745
52755
52765
52775
52785
52795
52805
52815
52825
52835
52845
52855
52865
52875
52885
52895
52905
52915
52925
52935
52945
52955
52965
52975
52985
52995
53005
53015
53025
53035
53045
53055
53065
53075
53085
53095
53105
53115
53125
53135
53145
53155
53165
53175
53185
53195
53205
53215
53225
53235
53245
53255
53265
53275
53285
53295
53305
53315
53325
53335
53345
53355
53365
53375
53385
53395
53405
53415
53425
53435
53445
53455
53465
53475
53485
53495
53505
53515
53525
53535
53545
53555
53565
53575
53585
53595
53605
53615
53625
53635
53645
53655
53665
53675
53685
53695
53705
53715
53725
53735
53745
53755
53765
53775
53785
53795
53805
53815
53825
53835
53845
53855
53865
53875
53885
53895
53905
53915
53925
53935
53945
53955
53965
53975
53985
53995
54005
54015
54025
54035
54045
54055
54065
54075
54085
54095
54105
54115
54125
54135
54145
54155
54165
54175
54185
54195
54205
54215
54225
54235
54245
54255
54265
54275
54285
54295
54305
54315
54325
54335
54345
54355
54365
54375
54385
54395
54405
54415
54425
54435
54445
54455
54465
54475
54485
54495
54505
54515
54525
54535
54545
54555
54565
54575
54585
54595
54605
54615
54625
54635
54645
54655
54665
54675
54685
54695
54705
54715
54725
54735
54745
54755
54765
54775
54785
54795
54805
54815
54825
54835
54845
54855
54865
54875
54885
54895
54905
54915
54925
54935
54945
54955
54965
54975
54985
54995
55005
55015
55025
55035
55045
55055
55065
55075
55085
55095
55105
55115
55125
55135
55145
55155
55165
55175
55185
55195
55205
55215
55225
55235
55245
55255
55265
55275
55285
55295
55305
55315
55325
55335
55345
55355
55365
55375
55385
55395
55405
55415
55425
55435
55445
55455
55465
55475
55485
55495
55505
55515
55525
55535
55545
55555
55565
55575
55585
55595
55605
55615
55625
55635
55645
55655
55665
55675
55685
55695
55705
55715
55725
55735
55745
55755
55765
55775
55785
55795
55805
55815
55825
55835
55845
55855
55865
55875
55885
55895
55905
55915
55925
55935
55945
55955
55965
55975
55985
55995
56005
56015
56025
56035
56045
56055
56065
56075
56085
56095
56105
56115
56125
56135
56145
56155
56165
56175
56185
56195
56205
56215
56225
56235
56245
56255
56265
56275
56285
56295
56305
56315
56325
56335
56345
56355
56365
56375
56385
56395
56405
56415
56425
56435
56445
56455
56465
56475
56485
56495
56505
56515
56525
56535
56545
56555
56565
56575
56585
56595
56605
56615
56625
56635
56645
56655
56665
56675
56685
56695
56705
56715
56725
56735
56745
56755
56765
56775
56785
56795
56805
56815
56825
56835
56845
56855
56865
56875
56885
56895
56905
56915
56925
56935
56945
56955
56965
56975
56985
56995
57005
57015
57025
57035
57045
57055
57065
57075
57085
57095
57105
57115
57125
57135
57145
57155
57165
57175
57185
57195
57205
57215
57225
57235
57245
57255
57265
57275
57285
57295
57305
57315
57325
57335
57345
57355
57365
57375
57385
57395
57405
57415
57425
57435
57445
57455
57465
57475
57485
57495
57505
57515
57525
57535
57545
57555
57565
57575
57585
57595
57605
57615
57625
57635
57645
57655
57665
57675
57685
57695
57705
57715
57725
57735
57745
57755
57765
57775
57785
57795
57805
57815
57825
57835
57845
57855
57865
57875
57885
57895
57905
57915
57925
57935
57945
57955
57965
57975
57985
57995
58005
58015
58025
58035
58045
58055
58065
58075
58085
58095
58105
58115
58125
58135
58145
58155
58165
58175
58185
58195
58205
58215
58225
58235
58245
58255
58265
58275
58285
58295
58305
58315
58325
58335
58345
58355
58365
58375
58385
58395
58405
58415
58425
58435
58445
58455
58465
58475
58485
58495
58505
58515
58525
58535
58545
58555
58565
58575
58585
58595
58605
58615
58625
58635
58645
58655
58665
58675
58685
58695
58705
58715
58725
58735
58745
58755
58765
58775
58785
58795
58805
58815
58825
58835
58845
58855
58865
58875
58885
58895
58905
58915
58925
58935
58945
58955
58965
58975
58985
58995
59005
59015
59025
59035
59045
59055
59065
59075
59085
59095
59105
59115
59125
59135
59145
59155
59165
59175
59185
59195
59205
59215
59225
59235
59245
59255
59265
59275
59285
59295
59305
59315
59325
59335
59345
59355
59365
59375
59385
59395
59405
59415
59425
59435
59445
59455
59465
59475
59485
59495
59505
59515
59525
59535
59545
59555
59565
59575
59585
59595
59605
59615
59625
59635
59645
59655
59665
59675
59685
59695
59705
59715
59725
59735
59745
59755
59765
59775
59785
59795
59805
59815
59825
59835
59845
59855
59865
59875
59885
59895
59905
59915
59925
59935
59945
59955
59965
59975
59985
59995
60006
60036
60046
60066
60096
60116
60126
60156
60186
60216
60246
60256
60276
60306
60326
60336
60366
60396
60426
60456
60466
60486
60516
60536
60546
60576
60606
60636
60666
60676
60696
60726
60746
60756
60786
60816
60846
60876
60886
60906
60936
60956
60966
60996
61026
61056
61086
61096
61116
61146
61166
61176
61206
61236
61266
61296
61306
61326
61356
61376
61386
61416
61446
61476
61506
61516
61536
61566
61586
61596
61626
61656
61686
61716
61726
61746
61776
61796
61806
61836
61866
61896
61926
61936
61956
61986
62006
62016
62046
62076
62106
62136
62146
62166
62196
62216
62226
62256
62286
62316
62346
62356
62376
62406
62426
62436
62466
62496
62526
62556
62566
62586
62616
62636
62646
62676
62706
62736
62766
62776
62796
62826
62846
62856
62886
62916
62946
62976
62986
63006
63036
63056
63066
63096
63126
63156
63186
63196
63216
63246
63266
63276
63306
63336
63366
63396
63406
63426
63456
63476
63486
63516
63546
63576
63606
63616
63636
63666
63686
63696
63726
63756
63786
63816
63826
63846
63876
63896
63906
63936
63966
63996
64026
64036
64056
64086
64106
64116
64146
64176
64206
64236
64246
64266
64296
64316
64326
64356
64386
64416
64446
64456
64476
64506
64526
64536
64566
64596
64626
64656
64666
64686
64716
64736
64746
64776
64806
64836
64866
64876
64896
64926
64946
64956
64986
65016
65046
65076
65086
65106
65136
65156
65166
65196
65226
65256
65286
65296
65316
65346
65366
65376
65406
65436
65466
65496
65506
65526
65556
65576
65586
65616
65646
65676
65706
65716
65736
65766
65786
65796
65826
65856
65886
65916
65926
65946
65976
65996
66006
66036
66066
66096
66126
66136
66156
66186
66206
66216
66246
66276
66306
66336
66346
66366
66396
66416
66426
66456
66486
66516
66546
66556
66576
66606
66626
66636
66666
66696
66726
66756
66766
66786
66816
66836
66846
66876
66906
66936
66966
66976
66996
67026
67046
67056
67086
67116
67146
67176
67186
67206
67236
67256
67266
67296
67326
67356
67386
67396
67416
67446
67466
67476
67506
67536
67566
67596
67606
67626
67656
67676
67686
67716
67746
67776
67806
67816
67836
67866
67886
67896
67926
67956
67986
68016
68026
68046
68076
68096
68106
68136
68166
68196
68226
68236
68256
68286
68306
68316
68346
68376
68406
68436
68446
68466
68496
68516
68526
68556
68586
68616
68646
68656
68676
68706
68726
68736
68766
68796
68826
68856
68866
68886
68916
68936
68946
68976
69006
69036
69066
69076
69096
69126
69146
69156
69186
69216
69246
69276
69286
69306
69336
69356
69366
69396
69426
69456
69486
69496
69516
69546
69566
69576
69606
69636
69666
69696
69706
69726
69756
69776
69786
69816
69846
69876
69906
69916
69936
69966
69986
69996
70007
70017
70047
70077
70107
70137
70147
70167
70197
70217
70227
70257
70287
70317
70347
70357
70377
70407
70427
70437
70467
70497
70527
70557
70567
70587
70617
70637
70647
70677
70707
70737
70767
70777
70797
70827
70847
70857
70887
70917
70947
70977
70987
71007
71037
71057
71067
71097
71127
71157
71187
71197
71217
71247
71267
71277
71307
71337
71367
71397
71407
71427
71457
71477
71487
71517
71547
71577
71607
71617
71637
71667
71687
71697
71727
71757
71787
71817
71827
71847
71877
71897
71907
71937
71967
71997
72027
72037
72057
72087
72107
72117
72147
72177
72207
72237
72247
72267
72297
72317
72327
72357
72387
72417
72447
72457
72477
72507
72527
72537
72567
72597
72627
72657
72667
72687
72717
72737
72747
72777
72807
72837
72867
72877
72897
72927
72947
72957
72987
73017
73047
73077
73087
73107
73137
73157
73167
73197
73227
73257
73287
73297
73317
73347
73367
73377
73407
73437
73467
73497
73507
73527
73557
73577
73587
73617
73647
73677
73707
73717
73737
73767
73787
73797
73827
73857
73887
73917
73927
73947
73977
73997
74007
74037
74067
74097
74127
74137
74157
74187
74207
74217
74247
74277
74307
74337
74347
74367
74397
74417
74427
74457
74487
74517
74547
74557
74577
74607
74627
74637
74667
74697
74727
74757
74767
74787
74817
74837
74847
74877
74907
74937
74967
74977
74997
75027
75047
75057
75087
75117
75147
75177
75187
75207
75237
75257
75267
75297
75327
75357
75387
75397
75417
75447
75467
75477
75507
75537
75567
75597
75607
75627
75657
75677
75687
75717
75747
75777
75807
75817
75837
75867
75887
75897
75927
75957
75987
76017
76027
76047
76077
76097
76107
76137
76167
76197
76227
76237
76257
76287
76307
76317
76347
76377
76407
76437
76447
76467
76497
76517
76527
76557
76587
76617
76647
76657
76677
76707
76727
76737
76767
76797
76827
76857
76867
76887
76917
76937
76947
76977
77007
77037
77067
77077
77097
77127
77147
77157
77187
77217
77247
77277
77287
77307
77337
77357
77367
77397
77427
77457
77487
77497
77517
77547
77567
77577
77607
77637
77667
77697
77707
77727
77757
77777
77787
77817
77847
77877
77907
77917
77937
77967
77987
77997
78027
78057
78087
78117
78127
78147
78177
78197
78207
78237
78267
78297
78327
78337
78357
78387
78407
78417
78447
78477
78507
78537
78547
78567
78597
78617
78627
78657
78687
78717
78747
78757
78777
78807
78827
78837
78867
78897
78927
78957
78967
78987
79017
79037
79047
79077
79107
79137
79167
79177
79197
79227
79247
79257
79287
79317
79347
79377
79387
79407
79437
79457
79467
79497
79527
79557
79587
79597
79617
79647
79667
79677
79707
79737
79767
79797
79807
79827
79857
79877
79887
79917
79947
79977
80028
80038
80058
80088
80108
80118
80148
80178
80208
80238
80248
80268
80298
80318
80328
80358
80388
80418
80448
80458
80478
80508
80528
80538
80568
80598
80628
80658
80668
80688
80718
80738
80748
80778
80808
80838
80868
80878
80898
80928
80948
80958
80988
81018
81048
81078
81088
81108
81138
81158
81168
81198
81228
81258
81288
81298
81318
81348
81368
81378
81408
81438
81468
81498
81508
81528
81558
81578
81588
81618
81648
81678
81708
81718
81738
81768
81788
81798
81828
81858
81888
81918
81928
81948
81978
81998
82008
82038
82068
82098
82128
82138
82158
82188
82208
82218
82248
82278
82308
82338
82348
82368
82398
82418
82428
82458
82488
82518
82548
82558
82578
82608
82628
82638
82668
82698
82728
82758
82768
82788
82818
82838
82848
82878
82908
82938
82968
82978
82998
83028
83048
83058
83088
83118
83148
83178
83188
83208
83238
83258
83268
83298
83328
83358
83388
83398
83418
83448
83468
83478
83508
83538
83568
83598
83608
83628
83658
83678
83688
83718
83748
83778
83808
83818
83838
83868
83888
83898
83928
83958
83988
84018
84028
84048
84078
84098
84108
84138
84168
84198
84228
84238
84258
84288
84308
84318
84348
84378
84408
84438
84448
84468
84498
84518
84528
84558
84588
84618
84648
84658
84678
84708
84728
84738
84768
84798
84828
84858
84868
84888
84918
84938
84948
84978
85008
85038
85068
85078
85098
85128
85148
85158
85188
85218
85248
85278
85288
85308
85338
85358
85368
85398
85428
85458
85488
85498
85518
85548
85568
85578
85608
85638
85668
85698
85708
85728
85758
85778
85788
85818
85848
85878
85908
85918
85938
85968
85988
85998
86028
86058
86088
86118
86128
86148
86178
86198
86208
86238
86268
86298
86328
86338
86358
86388
86408
86418
86448
86478
86508
86538
86548
86568
86598
86618
86628
86658
86688
86718
86748
86758
86778
86808
86828
86838
86868
86898
86928
86958
86968
86988
87018
87038
87048
87078
87108
87138
87168
87178
87198
87228
87248
87258
87288
87318
87348
87378
87388
87408
87438
87458
87468
87498
87528
87558
87588
87598
87618
87648
87668
87678
87708
87738
87768
87798
87808
87828
87858
87878
87888
87918
87948
87978
88008
88018
88038
88068
88088
88098
88128
88158
88188
88218
88228
88248
88278
88298
88308
88338
88368
88398
88428
88438
88458
88488
88508
88518
88548
88578
88608
88638
88648
88668
88698
88718
88728
88758
88788
88818
88848
88858
88878
88908
88928
88938
88968
88998
89028
89058
89068
89088
89118
89138
89148
89178
89208
89238
89268
89278
89298
89328
89348
89358
89388
89418
89448
89478
89488
89508
89538
89558
89568
89598
89628
89658
89688
89698
89718
89748
89768
89778
89808
89838
89868
89898
89908
89928
89958
89978
89988
90009
90039
90069
90099
90129
90139
90159
90189
90209
90219
90249
90279
90309
90339
90349
90369
90399
90419
90429
90459
90489
90519
90549
90559
90579
90609
90629
90639
90669
90699
90729
90759
90769
90789
90819
90839
90849
90879
90909
90939
90969
90979
90999
91029
91049
91059
91089
91119
91149
91179
91189
91209
91239
91259
91269
91299
91329
91359
91389
91399
91419
91449
91469
91479
91509
91539
91569
91599
91609
91629
91659
91679
91689
91719
91749
91779
91809
91819
91839
91869
91889
91899
91929
91959
91989
92019
92029
92049
92079
92099
92109
92139
92169
92199
92229
92239
92259
92289
92309
92319
92349
92379
92409
92439
92449
92469
92499
92519
92529
92559
92589
92619
92649
92659
92679
92709
92729
92739
92769
92799
92829
92859
92869
92889
92919
92939
92949
92979
93009
93039
93069
93079
93099
93129
93149
93159
93189
93219
93249
93279
93289
93309
93339
93359
93369
93399
93429
93459
93489
93499
93519
93549
93569
93579
93609
93639
93669
93699
93709
93729
93759
93779
93789
93819
93849
93879
93909
93919
93939
93969
93989
93999
94029
94059
94089
94119
94129
94149
94179
94199
94209
94239
94269
94299
94329
94339
94359
94389
94409
94419
94449
94479
94509
94539
94549
94569
94599
94619
94629
94659
94689
94719
94749
94759
94779
94809
94829
94839
94869
94899
94929
94959
94969
94989
95019
95039
95049
95079
95109
95139
95169
95179
95199
95229
95249
95259
95289
95319
95349
95379
95389
95409
95439
95459
95469
95499
95529
95559
95589
95599
95619
95649
95669
95679
95709
95739
95769
95799
95809
95829
95859
95879
95889
95919
95949
95979
96009
96019
96039
96069
96089
96099
96129
96159
96189
96219
96229
96249
96279
96299
96309
96339
96369
96399
96429
96439
96459
96489
96509
96519
96549
96579
96609
96639
96649
96669
96699
96719
96729
96759
96789
96819
96849
96859
96879
96909
96929
96939
96969
96999
97029
97059
97069
97089
97119
97139
97149
97179
97209
97239
97269
97279
97299
97329
97349
97359
97389
97419
97449
97479
97489
97509
97539
97559
97569
97599
97629
97659
97689
97699
97719
97749
97769
97779
97809
97839
97869
97899
97909
97929
97959
97979
97989
98019
98049
98079
98109
98119
98139
98169
98189
98199
98229
98259
98289
98319
98329
98349
98379
98399
98409
98439
98469
98499
98529
98539
98559
98589
98609
98619
98649
98679
98709
98739
98749
98769
98799
98819
98829
98859
98889
98919
98949
98959
98979
99009
99029
99039
99069
99099
99129
99159
99169
99189
99219
99239
99249
99279
99309
99339
99369
99379
99399
99429
99449
99459
99489
99519
99549
99579
99589
99609
99639
99659
99669
99699
99729
99759
99789
99799
99819
99849
99869
99879
99909
99939
99969
99999